      season   a_R2  a_lv_coef   b_R2   c_R2    dR2  c_netav_p  pearson_lv_netav  resid_netav_r  resid_netav_p
0  2018/2019  0.749     20.784  0.007  0.780  0.031      0.142            -0.101          0.348          0.133
1  2019/2020  0.462     13.703  0.046  0.629  0.167      0.013            -0.263          0.538          0.014
2  2021/2022  0.726     23.086  0.109  0.805  0.079      0.017             0.058          0.538          0.014
3  2022/2023  0.276     13.761  0.165  0.393  0.117      0.089             0.129          0.398          0.082
4  2023/2024  0.704     20.219  0.119  0.716  0.012      0.408             0.286          0.193          0.415
5  2024/2025  0.541     18.013  0.241  0.701  0.160      0.008             0.129          0.585          0.007
6  2025/2026  0.346     15.017  0.000  0.371  0.025      0.426            -0.230          0.189          0.425
       season   a_R2  a_lv_coef   c_R2    dR2  c_netav_p  spearman_netavrank_finish
7   2018/2019  0.792     -6.017  0.837  0.045      0.045                     -0.027
8   2019/2020  0.429     -4.394  0.611  0.183      0.012                      0.189
9   2021/2022  0.718     -7.019  0.784  0.066      0.036                      0.317
10  2022/2023  0.246     -4.228  0.369  0.123      0.087                      0.377
11  2023/2024  0.676     -5.689  0.676  0.000      0.936                      0.245
12  2024/2025  0.492     -5.471  0.599  0.107      0.048                      0.421
13  2025/2026  0.271     -4.967  0.303  0.032      0.388                     -0.066
                                                0                      1                                            2                                            3                        4                        5
pool                        FINAL 2022/23–2025/26  FINAL 2022/23–2025/26  paper 7 (2018/19, 2019/20, 2021/22–2025/26)  paper 7 (2018/19, 2019/20, 2021/22–2025/26)  all seasons in the file  all seasons in the file
y                                          points                 finish                                       points                                       finish                   points                   finish
n                                              80                     80                                          140                                          140                      140                      140
a_R2                                     0.480579               0.416322                                     0.549228                                     0.504477                 0.549228                 0.504477
a_adjR2                                  0.452877               0.385193                                     0.525323                                     0.478199                 0.525323                 0.478199
a_R2_within                              0.480429               0.416322                                     0.548942                                     0.504477                 0.548942                 0.504477
a_lv_coef                               17.280814               -5.17912                                    17.957911                                    -5.408559                17.957911                -5.408559
a_lv_se_hc3                              2.420919               0.741488                                     1.956332                                     0.574311                 1.956332                 0.574311
a_lv_p_hc3                                    0.0                    0.0                                          0.0                                          0.0                      0.0                      0.0
a_lv_p_ols                                    0.0                    0.0                                          0.0                                          0.0                      0.0                      0.0
a_lv_beta                                0.693687              -0.645843                                     0.743061                                    -0.712557                 0.743061                -0.712557
b_R2                                     0.109496                0.07597                                     0.075495                                     0.063253                 0.075495                 0.063253
b_adjR2                                  0.062003               0.026689                                     0.026468                                     0.013577                 0.026468                 0.013577
b_R2_within                              0.109238                0.07597                                     0.074908                                     0.063253                 0.074908                 0.063253
b_netav_coef                           109.777197              -29.47406                                     94.84398                                     -27.3814                 94.84398                 -27.3814
b_netav_se_hc3                          39.859209              11.776168                                    26.537619                                     8.032931                26.537619                 8.032931
b_netav_p_hc3                            0.005885                0.01232                                     0.000352                                     0.000653                 0.000352                 0.000653
b_netav_p_ols                            0.003327               0.015255                                     0.001375                                     0.003375                 0.001375                 0.003375
b_netav_beta                             0.353373              -0.294735                                     0.288389                                     -0.26509                 0.288389                 -0.26509
c_R2                                     0.540636               0.454684                                     0.619353                                     0.563559                 0.619353                 0.563559
c_adjR2                                  0.509598               0.417838                                     0.596107                                     0.536906                 0.596107                 0.536906
c_R2_within                              0.540503               0.454684                                     0.619111                                     0.563559                 0.619111                 0.563559
c_lv_coef                               16.504394              -4.979367                                    17.881509                                    -5.386533                17.881509                -5.386533
c_lv_se_hc3                              2.459693               0.788846                                     1.874748                                     0.564516                 1.874748                 0.564516
c_lv_p_hc3                                    0.0                    0.0                                          0.0                                          0.0                      0.0                      0.0
c_lv_p_ols                                    0.0                    0.0                                          0.0                                          0.0                      0.0                      0.0
c_lv_beta                                 0.66252              -0.620934                                     0.739899                                    -0.709655                 0.739899                -0.709655
c_netav_coef                            82.063048             -21.112715                                     91.80195                                   -26.465034                 91.80195               -26.465034
c_netav_se_hc3                          27.324034               9.350219                                    19.563102                                     6.818111                19.563102                 6.818111
c_netav_p_hc3                             0.00267               0.023946                                     0.000003                                     0.000104                 0.000003                 0.000104
c_netav_p_ols                            0.002653                0.02539                                     0.000003                                     0.000047                 0.000003                 0.000047
c_netav_beta                             0.264161              -0.211123                                     0.279139                                    -0.256218                 0.279139                -0.256218
dR2                                      0.060057               0.038362                                     0.070125                                     0.059082                 0.070125                 0.059082
dR2_F                                     9.67468               5.205729                                    24.133598                                    17.733704                24.133598                17.733704
dR2_F_p                                  0.002653                0.02539                                     0.000003                                     0.000047                 0.000003                 0.000047
pearson_lv_netav_within                  0.125925               0.125925                                     0.011861                                     0.011861                 0.011861                 0.011861
pearson_lv_netav_within_p                0.265699               0.265699                                     0.889384                                     0.889384                 0.889384                 0.889384
spearman_lv_netav_within                -0.011955              -0.011955                                    -0.026673                                    -0.026673                -0.026673                -0.026673
spearman_lv_netav_within_p               0.916178               0.916178                                      0.75441                                      0.75441                  0.75441                  0.75441
path_netav_on_lv_coef                    0.009461               0.009461                                     0.000832                                     0.000832                 0.000832                 0.000832
path_netav_on_lv_se_hc3                  0.009263               0.009263                                     0.006757                                     0.006757                 0.006757                 0.006757
path_netav_on_lv_p_hc3                   0.307072               0.307072                                     0.901979                                     0.901979                 0.901979                 0.901979
resid_netav_within_r                     0.337321              -0.254323                                     0.394391                                    -0.345274                 0.394391                -0.345274
resid_netav_within_p                     0.002215               0.022816                                     0.000001                                     0.000029                 0.000001                 0.000029
{
 "points": {
  "draws": 1000,
  "seed": 20260928,
  "dR2_mean": 0.06207211956641706,
  "dR2_median": 0.05746962050859966,
  "dR2_p2_5": 0.008274867629621608,
  "dR2_p97_5": 0.14472398662951097,
  "netav_coef_p2_5": 31.023948414784588,
  "netav_coef_p97_5": 127.49165865628571,
  "netav_coef_share_le0": 0.001
 },
 "finish": {
  "draws": 1000,
  "seed": 20260928,
  "dR2_mean": 0.044219219145235814,
  "dR2_median": 0.03828200307292384,
  "dR2_p2_5": 0.002413839364170284,
  "dR2_p97_5": 0.1266153043096612,
  "netav_coef_p2_5": -38.45054437744368,
  "netav_coef_p97_5": -5.371685588874087,
  "netav_coef_share_le0": 0.008
 }
}
