      season   a_R2  a_lv_coef   b_R2   c_R2    dR2  c_netav_p  pearson_lv_netav  resid_netav_r  resid_netav_p
0  2018/2019  0.749     20.784  0.008  0.780  0.031      0.142            -0.101          0.348          0.132
1  2019/2020  0.462     13.703  0.116  0.639  0.177      0.010            -0.115          0.570          0.009
2  2020/2021  0.662     16.373  0.027  0.695  0.033      0.192            -0.022          0.313          0.179
3  2021/2022  0.726     23.086  0.147  0.798  0.071      0.025             0.139          0.506          0.023
4  2022/2023  0.276     13.761  0.165  0.393  0.117      0.089             0.129          0.398          0.082
5  2023/2024  0.704     20.219  0.119  0.716  0.012      0.408             0.286          0.193          0.415
6  2024/2025  0.541     18.013  0.241  0.701  0.160      0.008             0.129          0.585          0.007
7  2025/2026  0.346     15.017  0.000  0.371  0.025      0.426            -0.230          0.189          0.425
       season   a_R2  a_lv_coef   c_R2    dR2  c_netav_p  spearman_netavrank_finish
8   2018/2019  0.792     -6.017  0.837  0.045      0.045                     -0.027
9   2019/2020  0.429     -4.394  0.622  0.193      0.009                      0.362
10  2020/2021  0.684     -5.832  0.698  0.014      0.391                      0.147
11  2021/2022  0.718     -7.019  0.771  0.053      0.064                      0.341
12  2022/2023  0.246     -4.228  0.369  0.122      0.087                      0.377
13  2023/2024  0.676     -5.689  0.676  0.000      0.936                      0.245
14  2024/2025  0.492     -5.471  0.599  0.107      0.048                      0.421
15  2025/2026  0.271     -4.967  0.303  0.032      0.388                     -0.066
                                                0                      1                                            2                                            3                        4                        5
pool                        FINAL 2022/23–2025/26  FINAL 2022/23–2025/26  paper 7 (2018/19, 2019/20, 2021/22–2025/26)  paper 7 (2018/19, 2019/20, 2021/22–2025/26)  all seasons in the file  all seasons in the file
y                                          points                 finish                                       points                                       finish                   points                   finish
n                                              80                     80                                          140                                          140                      160                      160
a_R2                                     0.480579               0.416322                                     0.549228                                     0.504477                 0.560285                  0.52654
a_adjR2                                  0.452877               0.385193                                     0.525323                                     0.478199                 0.536989                 0.501456
a_R2_within                              0.480429               0.416322                                     0.548942                                     0.504477                 0.560018                  0.52654
a_lv_coef                               17.280814               -5.17912                                    17.957911                                    -5.408559                17.731474                -5.468985
a_lv_se_hc3                              2.420919               0.741488                                     1.956332                                     0.574311                 1.745892                 0.519975
a_lv_p_hc3                                    0.0                    0.0                                          0.0                                          0.0                      0.0                      0.0
a_lv_p_ols                                    0.0                    0.0                                          0.0                                          0.0                      0.0                      0.0
a_lv_beta                                0.693687              -0.645843                                     0.743061                                    -0.712557                 0.750419                -0.727864
b_R2                                     0.109474               0.075953                                     0.089506                                     0.075215                 0.082392                 0.065695
b_adjR2                                  0.061979               0.026671                                     0.041222                                     0.026173                 0.033777                 0.016195
b_R2_within                              0.109215               0.075953                                     0.088928                                     0.075215                 0.081834                 0.065695
b_netav_coef                           109.773603             -29.472771                                   105.808838                                   -30.571925               103.042025               -29.367142
b_netav_se_hc3                          39.862357              11.777284                                    27.645394                                     8.214008                27.280885                 8.334348
b_netav_p_hc3                             0.00589               0.012332                                      0.00013                                     0.000198                 0.000159                 0.000426
b_netav_p_ols                            0.003331               0.015267                                     0.000466                                     0.001343                 0.000338                 0.001384
b_netav_beta                             0.353347              -0.294711                                      0.31244                                    -0.287433                 0.298897                -0.267888
c_R2                                     0.540622               0.454674                                     0.617389                                     0.561466                  0.62495                 0.577416
c_adjR2                                  0.509583               0.417827                                     0.594024                                     0.534685                 0.602447                 0.552061
c_R2_within                              0.540489               0.454674                                     0.617146                                     0.561466                 0.624722                 0.577416
c_lv_coef                               16.504532              -4.979407                                    17.638149                                    -5.316729                17.474098                -5.396391
c_lv_se_hc3                              2.459681               0.788838                                     1.865376                                     0.563972                 1.661717                 0.512242
c_lv_p_hc3                                    0.0                    0.0                                          0.0                                          0.0                      0.0                      0.0
c_lv_p_ols                                    0.0                    0.0                                          0.0                                          0.0                      0.0                      0.0
c_lv_beta                                0.662525              -0.620939                                     0.729829                                    -0.700459                 0.739526                -0.718203
c_netav_coef                            82.058946             -21.111277                                    92.782072                                   -26.645221                91.708575                -25.86712
c_netav_se_hc3                          27.327973               9.351493                                    20.060596                                      6.97815                18.620021                 6.579938
c_netav_p_hc3                            0.002676               0.023975                                     0.000004                                     0.000134                 0.000001                 0.000085
c_netav_p_ols                            0.002656               0.025411                                     0.000004                                     0.000065                 0.000001                 0.000037
c_netav_beta                             0.264137              -0.211101                                     0.273973                                    -0.250515                 0.266021                -0.235961
dR2                                      0.060043               0.038351                                     0.068162                                     0.056989                 0.064665                 0.050876
dR2_F                                    9.672092               5.204209                                    23.337479                                    17.023838                25.862428                18.058908
dR2_F_p                                  0.002656               0.025411                                     0.000004                                     0.000065                 0.000001                 0.000037
pearson_lv_netav_within                  0.125918               0.125918                                     0.050289                                     0.050289                 0.042533                 0.042533
pearson_lv_netav_within_p                0.265727               0.265727                                     0.555145                                     0.555145                 0.593321                 0.593321
spearman_lv_netav_within                -0.011955              -0.011955                                     0.015517                                     0.015517                 0.019026                 0.019026
spearman_lv_netav_within_p               0.916178               0.916178                                     0.855612                                     0.855612                 0.811262                 0.811262
path_netav_on_lv_coef                     0.00946                0.00946                                     0.003446                                     0.003446                 0.002806                 0.002806
path_netav_on_lv_se_hc3                  0.009262               0.009262                                     0.006441                                     0.006441                 0.005848                 0.005848
path_netav_on_lv_p_hc3                   0.307069               0.307069                                     0.592608                                     0.592608                 0.631327                 0.631327
resid_netav_within_r                     0.337282              -0.254288                                     0.388363                                    -0.338696                 0.383136                -0.327506
resid_netav_within_p                     0.002217               0.022835                                     0.000002                                     0.000043                 0.000001                 0.000024
{
 "points": {
  "draws": 1000,
  "seed": 20260928,
  "dR2_mean": 0.06205970145255464,
  "dR2_median": 0.057455600581168775,
  "dR2_p2_5": 0.008268713831340377,
  "dR2_p97_5": 0.1447208000935619,
  "netav_coef_p2_5": 31.018644563189874,
  "netav_coef_p97_5": 127.4902490787003,
  "netav_coef_share_le0": 0.001
 },
 "finish": {
  "draws": 1000,
  "seed": 20260928,
  "dR2_mean": 0.04420983178866971,
  "dR2_median": 0.03826628910402824,
  "dR2_p2_5": 0.002413268048721695,
  "dR2_p97_5": 0.12659847528799484,
  "netav_coef_p2_5": -38.45226968850724,
  "netav_coef_p97_5": -5.363997805550009,
  "netav_coef_share_le0": 0.008
 }
}
